00000000: 00000000 01001000 00101101 11101001 00000100 10110000  .H-...
00000006: 10001101 11100010 00111000 11010000 01001101 11100010  ..8.M.
0000000c: 00011000 00110001 00001000 11100011 00000000 00110000  .1...0
00000012: 01000000 11100011 00111000 11000000 01001011 11100010  @.8.K.
00000018: 00000011 11100000 10100000 11100001 00001111 00000000  ......
0000001e: 10111110 11101000 00001111 00000000 10101100 11101000  ......
00000024: 00001111 00000000 10111110 11101000 00001111 00000000  ......
0000002a: 10101100 11101000 00000011 00000000 10011110 11101000  ......
00000030: 00000011 00000000 10001100 11101000 00000000 00110000  .....0
00000036: 10100000 11100011 00001000 00110000 00001011 11100101  ...0..
0000003c: 00101110 00000000 00000000 11101010 00001000 00110000  .....0
00000042: 00011011 11100101 00000001 00110000 10000011 11100010  ...0..
00000048: 00001100 00110000 00001011 11100101 00100100 00000000  .0..$.
0000004e: 00000000 11101010 00001100 00110000 00011011 11100101  ...0..
00000054: 00000011 00110001 10100000 11100001 00000100 00110000  .1...0
0000005a: 01000011 11100010 00001011 00110000 10000011 11100000  C..0..
00000060: 00110100 00100000 00010011 11100101 00001000 00110000  4 ...0
00000066: 00011011 11100101 00000011 00110001 10100000 11100001  ...1..
0000006c: 00000100 00110000 01000011 11100010 00001011 00110000  .0C..0
00000072: 10000011 11100000 00110100 00110000 00010011 11100101  ..40..
00000078: 00000011 00000000 01010010 11100001 00010101 00000000  ..R...
0000007e: 00000000 10101010 00001100 00110000 00011011 11100101  ...0..
00000084: 00000011 00110001 10100000 11100001 00000100 00110000  .1...0
0000008a: 01000011 11100010 00001011 00110000 10000011 11100000  C..0..
00000090: 00110100 00110000 00010011 11100101 00010000 00110000  40...0
00000096: 00001011 11100101 00001000 00110000 00011011 11100101  ...0..
0000009c: 00000011 00110001 10100000 11100001 00000100 00110000  .1...0
000000a2: 01000011 11100010 00001011 00110000 10000011 11100000  C..0..
000000a8: 00110100 00100000 00010011 11100101 00001100 00110000  4 ...0
000000ae: 00011011 11100101 00000011 00110001 10100000 11100001  ...1..
000000b4: 00000100 00110000 01000011 11100010 00001011 00110000  .0C..0
000000ba: 10000011 11100000 00110100 00100000 00000011 11100101  ..4 ..
000000c0: 00001000 00110000 00011011 11100101 00000011 00110001  .0...1
000000c6: 10100000 11100001 00000100 00110000 01000011 11100010  ...0C.
000000cc: 00001011 00110000 10000011 11100000 00010000 00100000  .0... 
000000d2: 00011011 11100101 00110100 00100000 00000011 11100101  ..4 ..
000000d8: 00001100 00110000 00011011 11100101 00000001 00110000  .0...0
000000de: 10000011 11100010 00001100 00110000 00001011 11100101  ...0..
000000e4: 00001100 00110000 00011011 11100101 00001001 00000000  .0....
000000ea: 01010011 11100011 11010111 11111111 11111111 11011010  S.....
000000f0: 00001000 00110000 00011011 11100101 00000001 00110000  .0...0
000000f6: 10000011 11100010 00001000 00110000 00001011 11100101  ...0..
000000fc: 00001000 00110000 00011011 11100101 00001001 00000000  .0....
00000102: 01010011 11100011 11001101 11111111 11111111 11011010  S.....
00000108: 00000000 00110000 10100000 11100011 00000011 00000000  .0....
0000010e: 10100000 11100001 00000100 11010000 01001011 11100010  ....K.
00000114: 00000000 10001000 10111101 11101000 01000011 00000001  ....C.
0000011a: 00000000 00000000 01111011 00000000 00000000 00000000  ..{...
00000120: 00111001 11111110 11111111 11111111 00000010 00000000  9.....
00000126: 00000000 00000000 01100010 00000000 00000000 00000000  ..b...
0000012c: 01111101 00000000 00000000 00000000 00001010 00000000  }.....
00000132: 00000000 00000000 01000001 00000000 00000000 00000000  ..A...
00000138: 11001000 11111111 11111111 11111111 00000000 00000000  ......
0000013e: 00000000 00000000                                      ..
