0001100000111000011111000100100000011000000110000001100000011000
0011100000111000000011000000100000001000001110000011110000110000
0001100000111100001001000000000000000000001001000011110000011000
0001100001111000011010000000110000001000000010000001111000011111
0000100000011100000101000010110000111100000111000000100000001000
0011110000111100001011000000110000000110000000100010011000111100
0000111000111100001000000011100000001100000011000011100000110000
0001111000111110001000100010010000001000000010000001100000010000
0011000000111000011010000000100000011000000100000011111000110000
0000010000001110000111000011110000001100000011000000110000000100
