1.57715
-0.49365
0.28809
-0.71094
2.69141
-3.64648
0.33423
0.28711
-0.50391
-1.63184
-0.41162
0.41943
-0.07697
1.95117
-1.14160
1.80664
-0.51172
0.36816
0.09320
-0.43237
1.50684
-0.91504
-0.09125
-0.67139
-2.72266
1.51562
2.70312
-1.12598
1.66211
-2.83398
-2.91016
-1.35547
0.12646
-0.68555
1.18652
1.85449
0.56348
-1.46094
-1.50684
2.21289
2.08789
2.33398
0.07043
0.40503
-3.28516
0.21094
-1.64844
1.07812
1.18164
-1.01465
0.30859
-2.17383
-0.28833
-1.46680
1.56836
-0.66211
-1.36328
2.32617
1.29102
1.85547
-1.65234
-0.95703
-0.04565
1.81152
1.26562
-2.02344
0.40137
2.35547
-1.33984
-1.37598
1.18262
2.94141
-0.14172
-2.28711
-2.13477
0.26807
0.11029
0.26514
-0.99414
0.80762
-0.78369
-0.25171
-0.18042
2.07227
0.09607
0.27515
1.08984
-2.63477
0.31616
1.15137
-0.75977
0.58203
0.09705
-0.73535
1.94434
0.48706
-1.51855
-0.65869
0.85498
1.09180
