00000000000000000000000000000000
00000000000000000000000000000000
00000000000000000000000000000000
00000000000000000000000000000000
11100011101000000011000000001010
00000000000000000000000000000000
00000000000000000000000000000000
00000000000000000000000000000000
11100101000010110011000000001000
11100011101000000011000000000101
00000000000000000000000000000000
00000000000000000000000000000000
00000000000000000000000000000000
11100101000010110011000000001100
11100101000110110010000000001000
00000000000000000000000000000000
11100101000110110011000000001100
00000000000000000000000000000000
11100000100000100011000000000011
11100101000010110011000000010000
11100101000110110011000000010000
